MACHINE 1   -  State Listing                                                    

                                                  
Label    > ADDR DATA MREQ ROM RAM   Time    
Base     > Hex  Hex  Bina Bin Bin Relative  
__________ ____ ____ ____ ___ ___ _________ 

      0    0000   F3    0   0   1    280 ns
      1    0000   F3    0   0   1    280 ns
      2    0000   F3    0   0   1    272 ns
      3    0000   F3    0   1   1    280 ns
      4    0000   F3    1   1   1    280 ns
      5    0001   E9    0   0   1    280 ns
      6    0001   ED    0   0   1    280 ns
      7    0001   ED    0   0   1    280 ns
      8    0001   ED    0   1   1    280 ns
      9    0001   ED    1   1   1    280 ns
     10    0002   44    0   0   1    280 ns
     11    0002   56    0   0   1    280 ns
     12    0002   56    0   0   1    280 ns
     13    0002   56    0   1   1    280 ns
     14    0002   56    1   1   1    280 ns
     15    0003   3E    0   0   1    280 ns
     16    0003   3E    0   0   1    272 ns
     17    0003   3E    0   0   1    280 ns
     18    0003   3E    0   1   1    280 ns
     19    0003   3E    1   1   1    280 ns
     20    0004   82    0   0   1    280 ns
     21    0004   82    0   0   1    280 ns
     22    0004   82    1   1   1    280 ns
     23    0005   D3    0   0   1    280 ns
     24    0005   D3    0   0   1    280 ns
     25    0005   D3    0   0   1    280 ns
     26    0004   D3    0   1   1    280 ns
     27    0004   D3    1   1   1    280 ns
     28    0006   8B    0   0   1    280 ns
     29    0006   AB    0   0   1    272 ns
     30    0006   AB    1   1   1    280 ns
     31    82AB   82    1   1   1    280 ns
     32    82AB   82    1   1   1    280 ns
     33    82AB   82    1   1   1    280 ns
     34    82AB   82    1   1   1    280 ns
     35    0007   3E    0   0   1    280 ns
     36    0007   3E    0   0   1    280 ns
     37    0007   3E    0   0   1    280 ns
     38    0005   3E    0   1   1    280 ns
     39    0005   3E    1   1   1    280 ns
     40    0008   14    0   0   1    280 ns
     41    0008   55    0   0   1    280 ns
     42    0008   55    1   1   1    272 ns
     43    0009   D3    0   0   1    288 ns
     44    0009   D3    0   0   1    272 ns
     45    0009   D3    0   0   1    280 ns
     46    0006   D3    0   1   1    280 ns
     47    0006   D3    1   1   1    280 ns
     48    000A   80    0   0   1    280 ns
     49    000A   A8    0   0   1    280 ns
     50    000A   A8    1   1   1    280 ns
     51    55A8   55    1   1   1    280 ns
     52    55A8   55    1   1   1    280 ns
     53    55A8   55    1   1   1    280 ns
     54    55A8   55    1   1   1    280 ns
     55    000B   11    0   0   1    280 ns
     56    000B   31    0   0   1    280 ns
     57    000B   31    0   0   1    272 ns
     58    0007   31    0   1   1    280 ns
     59    0007   31    1   1   1    280 ns
     60    000C   FF    0   0   1    280 ns
     61    000C   FF    0   0   1    280 ns
     62    000C   FF    1   1   1    280 ns
     63    000D   F7    0   0   1    280 ns
     64    000D   F7    0   0   1    280 ns
     65    000D   F7    1   1   1    280 ns
     66    000E   21    0   0   1    272 ns
     67    000E   21    0   0   1    288 ns
     68    000E   21    0   0   1    280 ns
     69    0008   21    0   1   1    272 ns
     70    0008   21    1   1   1    280 ns
     71    000F   00    0   0   1    280 ns
     72    000F   00    0   0   1    280 ns
     73    000F   00    1   1   1    280 ns
     74    0010   00    0   0   1    280 ns
     75    0010   80    0   0   1    280 ns
     76    0010   80    1   1   1    280 ns
     77    0011   00    0   0   1    280 ns
     78    0011   11    0   0   1    280 ns
     79    0011   11    0   0   1    280 ns
     80    0009   11    0   1   1    280 ns
     81    0009   11    1   1   1    280 ns
     82    0012   01    0   0   1    272 ns
     83    0012   01    0   0   1    280 ns
     84    0012   01    1   1   1    280 ns
     85    0013   80    0   0   1    280 ns
     86    0013   80    0   0   1    280 ns
     87    0013   80    1   1   1    280 ns
     88    0014   01    0   0   1    280 ns
     89    0014   01    0   0   1    280 ns
     90    0014   01    0   0   1    280 ns
     91    000A   01    0   1   1    280 ns
     92    000A   01    1   1   1    280 ns
     93    0015   00    0   0   1    280 ns
     94    0015   98    0   0   1    272 ns
     95    0015   98    1   1   1    288 ns
     96    0016   0B    0   0   1    272 ns
     97    0016   2B    0   0   1    280 ns
     98    0016   2B    1   1   1    280 ns
     99    0017   78    0   0   1    280 ns
    100    0017   78    0   0   1    280 ns
    101    0017   78    0   0   1    280 ns
    102    000B   78    0   1   1    280 ns
    103    000B   78    1   1   1    280 ns
    104    0018   31    0   0   1    280 ns
    105    0018   B1    0   0   1    280 ns
    106    0018   B1    0   0   1    280 ns
    107    000C   B1    0   1   1    280 ns
    108    000C   B1    1   1   1    280 ns
    109    0019   20    0   0   1    272 ns
    110    0019   28    0   0   1    280 ns
    111    0019   28    0   0   1    280 ns
    112    000D   28    0   1   1    280 ns
    113    000D   28    1   1   1    280 ns
    114    001A   08    0   0   1    280 ns
    115    001A   09    0   0   1    280 ns
    116    001A   09    1   1   1    280 ns
    117    001B   0B    0   0   1    280 ns
    118    001B   AF    0   0   1    280 ns
    119    001B   AF    0   0   1    280 ns
    120    000E   AF    0   1   1    280 ns
    121    000E   AF    1   1   1    272 ns
    122    001C   27    0   0   1    280 ns
    123    001C   77    0   0   1    280 ns
    124    001C   77    0   0   1    280 ns
    125    000F   77    0   1   1    280 ns
    126    000F   77    1   1   1    280 ns
    127    8000   00    0   1   0    280 ns
    128    8000   00    0   1   0    280 ns
    129    8000   00    1   1   1    280 ns
    130    001D   00    0   0   1    280 ns
    131    001D   0B    0   0   1    280 ns
    132    001D   0B    0   0   1    280 ns
    133    0010   0B    0   1   1    280 ns
    134    0010   0B    1   1   1    272 ns
    135    0010   0B    1   1   1    288 ns
    136    0010   0B    1   1   1    272 ns
    137    001E   78    0   0   1    280 ns
    138    001E   78    0   0   1    280 ns
    139    001E   78    0   0   1    280 ns
    140    0011   78    0   1   1    280 ns
    141    0011   78    1   1   1    280 ns
    142    001F   31    0   0   1    280 ns
    143    001F   B1    0   0   1    280 ns
    144    001F   B1    0   0   1    280 ns
    145    0012   B1    0   1   1    280 ns
    146    0012   B1    1   1   1    272 ns
    147    0020   20    0   0   1    288 ns
    148    0020   28    0   0   1    280 ns
    149    0020   28    0   0   1    272 ns
    150    0013   28    0   1   1    280 ns
    151    0013   28    1   1   1    280 ns
    152    0021   02    0   0   1    280 ns
    153    0021   02    0   0   1    280 ns
    154    0021   02    1   1   1    280 ns
    155    0022   E0    0   0   1    280 ns
    156    0022   ED    0   0   1    280 ns
    157    0022   ED    0   0   1    280 ns
    158    0014   ED    0   1   1    280 ns
    159    0014   ED    1   1   1    280 ns
    160    0023   A0    0   0   1    280 ns
    161    0023   B0    0   0   1    272 ns
    162    0023   B0    0   0   1    280 ns
    163    0015   B0    0   1   1    280 ns
    164    0015   B0    1   1   1    280 ns
    165    8000   00    0   1   0    280 ns
    166    8000   00    0   1   0    280 ns
    167    8000   00    1   1   1    280 ns
    168    8001   00    0   1   0    280 ns
    169    8001   00    0   1   0    280 ns
    170    8001   00    1   1   1    280 ns
    171    8001   00    1   1   1    280 ns
    172    8001   00    1   1   1    280 ns
    173    8001   00    1   1   1    280 ns
    174    8001   00    1   1   1    272 ns
    175    8001   00    1   1   1    288 ns
    176    8001   00    1   1   1    272 ns
    177    8001   00    1   1   1    280 ns
    178    0022   00    0   0   1    280 ns
    179    0022   ED    0   0   1    280 ns
    180    0022   ED    0   0   1    280 ns
    181    0016   ED    0   1   1    280 ns
    182    0016   ED    1   1   1    280 ns
    183    0023   A0    0   0   1    280 ns
    184    0023   B0    0   0   1    280 ns
    185    0023   B0    0   0   1    280 ns
    186    0017   B0    0   1   1    272 ns
    187    0017   B0    1   1   1    288 ns
    188    8001   00    0   1   0    272 ns
    189    8001   00    0   1   0    280 ns
    190    8001   00    1   1   1    280 ns
    191    8002   00    0   1   0    280 ns
    192    8002   00    0   1   0    280 ns
    193    8002   00    1   1   1    280 ns
    194    8002   00    1   1   1    280 ns
    195    8002   00    1   1   1    280 ns
    196    8002   00    1   1   1    280 ns
    197    8002   00    1   1   1    280 ns
    198    8002   00    1   1   1    280 ns
    199    8002   00    1   1   1    280 ns
    200    8002   00    1   1   1    280 ns
    201    0022   E0    0   0   1    280 ns
    202    0022   ED    0   0   1    272 ns
    203    0022   ED    0   0   1    280 ns
    204    0018   ED    0   1   1    280 ns
    205    0018   ED    1   1   1    280 ns
    206    0023   A0    0   0   1    280 ns
    207    0023   B0    0   0   1    280 ns
    208    0023   B0    0   0   1    280 ns
    209    0019   B0    0   1   1    280 ns
    210    0019   B0    1   1   1    280 ns
    211    8002   00    0   1   0    280 ns
    212    8002   00    0   1   0    280 ns
    213    8002   00    1   1   1    280 ns
    214    8003   00    0   1   0    272 ns
    215    8003   00    0   1   0    280 ns
    216    8003   00    1   1   1    280 ns
    217    8003   00    1   1   1    280 ns
    218    8003   00    1   1   1    280 ns
    219    8003   00    1   1   1    280 ns
    220    8003   00    1   1   1    280 ns
    221    8003   00    1   1   1    280 ns
    222    8003   00    1   1   1    280 ns
    223    8003   00    1   1   1    280 ns
    224    0022   E8    0   0   1    280 ns
    225    0022   ED    0   0   1    280 ns
    226    0022   ED    0   0   1    280 ns
    227    001A   ED    0   1   1    280 ns
    228    001A   ED    1   1   1    272 ns
    229    0023   A0    0   0   1    280 ns
    230    0023   B0    0   0   1    280 ns
    231    0023   B0    0   0   1    280 ns
    232    001B   B0    0   1   1    280 ns
    233    001B   B0    1   1   1    280 ns
    234    8003   00    0   1   0    280 ns
    235    8003   00    0   1   0    280 ns
    236    8003   00    1   1   1    280 ns
    237    8004   00    0   1   0    280 ns
    238    8004   00    0   1   0    280 ns
    239    8004   00    1   1   1    280 ns
    240    8004   00    1   1   1    280 ns
    241    8004   00    1   1   1    272 ns
    242    8004   00    1   1   1    280 ns
    243    8004   00    1   1   1    280 ns
    244    8004   00    1   1   1    280 ns
    245    8004   00    1   1   1    280 ns
    246    8004   00    1   1   1    280 ns
    247    0022   EC    0   0   1    280 ns
    248    0022   ED    0   0   1    280 ns
    249    0022   ED    0   0   1    280 ns
    250    001C   ED    0   1   1    280 ns
    251    001C   ED    1   1   1    280 ns
    252    0023   A0    0   0   1    280 ns
    253    0023   B0    0   0   1    280 ns
    254    0023   B0    0   0   1    272 ns
    255    001D   B0    0   1   1    280 ns
    256    001D   B0    1   1   1    280 ns
    257    8004   00    0   1   0    280 ns
    258    8004   00    0   1   0    280 ns
    259    8004   00    1   1   1    280 ns
    260    8005   00    0   1   0    280 ns
    261    8005   00    0   1   0    280 ns
    262    8005   00    1   1   1    280 ns
    263    8005   00    1   1   1    280 ns
    264    8005   00    1   1   1    280 ns
    265    8005   00    1   1   1    280 ns
    266    8005   00    1   1   1    272 ns
    267    8005   00    1   1   1    288 ns
    268    8005   00    1   1   1    272 ns
    269    8005   00    1   1   1    280 ns
    270    0022   E0    0   0   1    280 ns
    271    0022   ED    0   0   1    280 ns
    272    0022   ED    0   0   1    280 ns
    273    001E   ED    0   1   1    280 ns
    274    001E   ED    1   1   1    280 ns
    275    0023   A0    0   0   1    280 ns
    276    0023   B0    0   0   1    280 ns
    277    0023   B0    0   0   1    280 ns
    278    001F   B0    0   1   1    272 ns
    279    001F   B0    1   1   1    288 ns
    280    8005   00    0   1   0    280 ns
    281    8005   00    0   1   0    272 ns
    282    8005   00    1   1   1    280 ns
    283    8006   00    0   1   0    280 ns
    284    8006   00    0   1   0    280 ns
    285    8006   00    1   1   1    280 ns
    286    8006   00    1   1   1    280 ns
    287    8006   00    1   1   1    280 ns
    288    8006   00    1   1   1    280 ns
    289    8006   00    1   1   1    280 ns
    290    8006   00    1   1   1    280 ns
    291    8006   00    1   1   1    280 ns
    292    8006   00    1   1   1    280 ns
    293    0022   E0    0   0   1    280 ns
    294    0022   ED    0   0   1    272 ns
    295    0022   ED    0   0   1    280 ns
    296    0020   ED    0   1   1    280 ns
    297    0020   ED    1   1   1    280 ns
    298    0023   A0    0   0   1    280 ns
    299    0023   B0    0   0   1    280 ns
    300    0023   B0    0   0   1    280 ns
    301    0021   B0    0   1   1    280 ns
    302    0021   B0    1   1   1    280 ns
    303    8006   00    0   1   0    280 ns
    304    8006   00    0   1   0    280 ns
    305    8006   00    1   1   1    280 ns
    306    8007   00    0   1   0    280 ns
    307    8007   00    0   1   0    280 ns
    308    8007   00    1   1   1    272 ns
    309    8007   00    1   1   1    280 ns
    310    8007   00    1   1   1    280 ns
    311    8007   00    1   1   1    280 ns
    312    8007   00    1   1   1    280 ns
    313    8007   00    1   1   1    280 ns
    314    8007   00    1   1   1    280 ns
    315    8007   00    1   1   1    280 ns
    316    0022   EC    0   0   1    280 ns
    317    0022   ED    0   0   1    280 ns
    318    0022   ED    0   0   1    272 ns
    319    0022   ED    0   1   1    288 ns
    320    0022   ED    1   1   1    272 ns
    321    0023   A0    0   0   1    280 ns
    322    0023   B0    0   0   1    280 ns
    323    0023   B0    0   0   1    280 ns
    324    0023   B0    0   1   1    280 ns
    325    0023   B0    1   1   1    280 ns
    326    8007   00    0   1   0    280 ns
    327    8007   00    0   1   0    280 ns
    328    8007   00    1   1   1    280 ns
    329    8008   00    0   1   0    280 ns
    330    8008   00    0   1   0    280 ns
    331    8008   00    1   1   1    280 ns
    332    8008   00    1   1   1    280 ns
    333    8008   00    1   1   1    280 ns
    334    8008   00    1   1   1    272 ns
    335    8008   00    1   1   1    280 ns
    336    8008   00    1   1   1    280 ns
    337    8008   00    1   1   1    280 ns
    338    8008   00    1   1   1    280 ns
    339    0022   EC    0   0   1    280 ns
    340    0022   ED    0   0   1    280 ns
    341    0022   ED    0   0   1    280 ns
    342    0024   ED    0   1   1    280 ns
    343    0024   ED    1   1   1    280 ns
    344    0023   A0    0   0   1    280 ns
    345    0023   B0    0   0   1    280 ns
    346    0023   B0    0   0   1    280 ns
    347    0025   B0    0   1   1    280 ns
    348    0025   B0    1   1   1    272 ns
    349    8008   00    0   1   0    280 ns
    350    8008   00    0   1   0    280 ns
    351    8008   00    1   1   1    280 ns
    352    8009   00    0   1   0    280 ns
    353    8009   00    0   1   0    280 ns
    354    8009   00    1   1   1    280 ns
    355    8009   00    1   1   1    280 ns
    356    8009   00    1   1   1    280 ns
    357    8009   00    1   1   1    280 ns
    358    8009   00    1   1   1    272 ns
    359    8009   00    1   1   1    288 ns
    360    8009   00    1   1   1    272 ns
    361    8009   00    1   1   1    280 ns
    362    0022   E0    0   0   1    280 ns
    363    0022   ED    0   0   1    280 ns
    364    0022   ED    0   0   1    280 ns
    365    0026   ED    0   1   1    280 ns
    366    0026   ED    1   1   1    280 ns
    367    0023   A0    0   0   1    280 ns
    368    0023   B0    0   0   1    280 ns
    369    0023   B0    0   0   1    280 ns
    370    0027   B0    0   1   1    280 ns
    371    0027   B0    1   1   1    280 ns
    372    8009   00    0   1   0    280 ns
    373    8009   00    0   1   0    272 ns
    374    8009   00    1   1   1    280 ns
    375    800A   00    0   1   0    280 ns
    376    800A   00    0   1   0    280 ns
    377    800A   00    1   1   1    280 ns
    378    800A   00    1   1   1    280 ns
    379    800A   00    1   1   1    280 ns
    380    800A   00    1   1   1    280 ns
    381    800A   00    1   1   1    280 ns
    382    800A   00    1   1   1    280 ns
    383    800A   00    1   1   1    280 ns
    384    800A   00    1   1   1    280 ns
    385    0022   E0    0   0   1    280 ns
    386    0022   ED    0   0   1    272 ns
    387    0022   ED    0   0   1    288 ns
    388    0028   ED    0   1   1    272 ns
    389    0028   ED    1   1   1    280 ns
    390    0023   A0    0   0   1    280 ns
    391    0023   B0    0   0   1    280 ns
    392    0023   B0    0   0   1    280 ns
    393    0029   B0    0   1   1    280 ns
    394    0029   B0    1   1   1    280 ns
    395    800A   00    0   1   0    280 ns
    396    800A   00    0   1   0    280 ns
    397    800A   00    1   1   1    280 ns
    398    800B   00    0   1   0    280 ns
    399    800B   00    0   1   0    280 ns
    400    800B   00    1   1   1    272 ns
    401    800B   00    1   1   1    280 ns
    402    800B   00    1   1   1    280 ns
    403    800B   00    1   1   1    280 ns
    404    800B   00    1   1   1    280 ns
    405    800B   00    1   1   1    280 ns
    406    800B   00    1   1   1    280 ns
    407    800B   00    1   1   1    280 ns
    408    0022   E8    0   0   1    280 ns
    409    0022   ED    0   0   1    280 ns
    410    0022   ED    0   0   1    280 ns
    411    002A   ED    0   1   1    280 ns
    412    002A   ED    1   1   1    280 ns
    413    0023   A0    0   0   1    272 ns
    414    0023   B0    0   0   1    280 ns
    415    0023   B0    0   0   1    280 ns
    416    002B   B0    0   1   1    280 ns
    417    002B   B0    1   1   1    280 ns
    418    800B   00    0   1   0    280 ns
    419    800B   00    0   1   0    280 ns
    420    800B   00    1   1   1    280 ns
    421    800C   00    0   1   0    280 ns
    422    800C   00    0   1   0    280 ns
    423    800C   00    1   1   1    280 ns
    424    800C   00    1   1   1    280 ns
    425    800C   00    1   1   1    280 ns
    426    800C   00    1   1   1    272 ns
    427    800C   00    1   1   1    280 ns
    428    800C   00    1   1   1    280 ns
    429    800C   00    1   1   1    280 ns
    430    800C   00    1   1   1    280 ns
    431    0022   EC    0   0   1    280 ns
    432    0022   ED    0   0   1    280 ns
    433    0022   ED    0   0   1    280 ns
    434    002C   ED    0   1   1    280 ns
    435    002C   ED    1   1   1    280 ns
    436    0023   A0    0   0   1    280 ns
    437    0023   B0    0   0   1    280 ns
    438    0023   B0    0   0   1    280 ns
    439    002D   B0    0   1   1    280 ns
    440    002D   B0    1   1   1    272 ns
    441    800C   00    0   1   0    280 ns
    442    800C   00    0   1   0    280 ns
    443    800C   00    1   1   1    280 ns
    444    800D   00    0   1   0    280 ns
    445    800D   00    0   1   0    280 ns
    446    800D   00    1   1   1    280 ns
    447    800D   00    1   1   1    280 ns
    448    800D   00    1   1   1    280 ns
    449    800D   00    1   1   1    280 ns
    450    800D   00    1   1   1    280 ns
    451    800D   00    1   1   1    280 ns
    452    800D   00    1   1   1    280 ns
    453    800D   00    1   1   1    272 ns
    454    0022   E8    0   0   1    280 ns
    455    0022   ED    0   0   1    280 ns
    456    0022   ED    0   0   1    280 ns
    457    002E   ED    0   1   1    280 ns
    458    002E   ED    1   1   1    280 ns
    459    0023   A0    0   0   1    280 ns
    460    0023   B0    0   0   1    280 ns
    461    0023   B0    0   0   1    280 ns
    462    002F   B0    0   1   1    280 ns
    463    002F   B0    1   1   1    280 ns
    464    800D   00    0   1   0    280 ns
    465    800D   00    0   1   0    280 ns
    466    800D   00    1   1   1    272 ns
    467    800E   00    0   1   0    280 ns
    468    800E   00    0   1   0    280 ns
    469    800E   00    1   1   1    280 ns
    470    800E   00    1   1   1    280 ns
    471    800E   00    1   1   1    280 ns
    472    800E   00    1   1   1    280 ns
    473    800E   00    1   1   1    280 ns
    474    800E   00    1   1   1    280 ns
    475    800E   00    1   1   1    280 ns
    476    800E   00    1   1   1    280 ns
    477    0022   E0    0   0   1    280 ns
    478    0022   ED    0   0   1    272 ns
    479    0022   ED    0   0   1    288 ns
    480    0030   ED    0   1   1    272 ns
    481    0030   ED    1   1   1    280 ns
    482    0023   A0    0   0   1    280 ns
    483    0023   B0    0   0   1    280 ns
    484    0023   B0    0   0   1    280 ns
    485    0031   B0    0   1   1    280 ns
    486    0031   B0    1   1   1    280 ns
    487    800E   00    0   1   0    280 ns
    488    800E   00    0   1   0    280 ns
    489    800E   00    1   1   1    280 ns
    490    800F   00    0   1   0    280 ns
    491    800F   00    0   1   0    280 ns
    492    800F   00    1   1   1    280 ns
    493    800F   00    1   1   1    272 ns
    494    800F   00    1   1   1    280 ns
    495    800F   00    1   1   1    280 ns
    496    800F   00    1   1   1    280 ns
    497    800F   00    1   1   1    280 ns
    498    800F   00    1   1   1    280 ns
    499    800F   00    1   1   1    280 ns
    500    0022   E8    0   0   1    280 ns
    501    0022   ED    0   0   1    280 ns
    502    0022   ED    0   0   1    280 ns
    503    0032   ED    0   1   1    280 ns
    504    0032   ED    1   1   1    280 ns
    505    0023   A0    0   0   1    272 ns
    506    0023   B0    0   0   1    280 ns
    507    0023   B0    0   0   1    280 ns
    508    0033   B0    0   1   1    280 ns
    509    0033   B0    1   1   1    280 ns
    510    800F   00    0   1   0    280 ns
    511    800F   00    0   1   0    280 ns
    512    800F   00    1   1   1    280 ns
    513    8010   00    0   1   0    280 ns
    514    8010   00    0   1   0    280 ns
    515    8010   00    1   1   1    280 ns
    516    8010   00    1   1   1    280 ns
    517    8010   00    1   1   1    280 ns
    518    8010   00    1   1   1    272 ns
    519    8010   00    1   1   1    288 ns
    520    8010   00    1   1   1    272 ns
    521    8010   00    1   1   1    280 ns
    522    8010   00    1   1   1    280 ns
    523    0022   EC    0   0   1    280 ns
    524    0022   ED    0   0   1    280 ns
    525    0022   ED    0   0   1    280 ns
    526    0034   ED    0   1   1    280 ns
    527    0034   ED    1   1   1    280 ns
    528    0023   A0    0   0   1    280 ns
    529    0023   B0    0   0   1    280 ns
    530    0023   B0    0   0   1    280 ns
    531    0035   B0    0   1   1    280 ns
    532    0035   B0    1   1   1    280 ns
    533    8010   00    0   1   0    272 ns
    534    8010   00    0   1   0    280 ns
    535    8010   00    1   1   1    280 ns
    536    8011   00    0   1   0    280 ns
    537    8011   00    0   1   0    280 ns
    538    8011   00    1   1   1    280 ns
    539    8011   00    1   1   1    280 ns
    540    8011   00    1   1   1    280 ns
    541    8011   00    1   1   1    280 ns
    542    8011   00    1   1   1    280 ns
    543    8011   00    1   1   1    280 ns
    544    8011   00    1   1   1    280 ns
    545    8011   00    1   1   1    272 ns
    546    0022   40    0   0   1    280 ns
    547    0022   ED    0   0   1    280 ns
    548    0022   ED    0   0   1    280 ns
    549    0036   ED    0   1   1    280 ns
    550    0036   ED    1   1   1    280 ns
    551    0023   A0    0   0   1    280 ns
    552    0023   B0    0   0   1    280 ns
    553    0023   B0    0   0   1    280 ns
    554    0037   B0    0   1   1    280 ns
    555    0037   B0    1   1   1    280 ns
    556    8011   00    0   1   0    280 ns
    557    8011   00    0   1   0    280 ns
    558    8011   00    1   1   1    272 ns
    559    8012   00    0   1   0    288 ns
    560    8012   00    0   1   0    272 ns
    561    8012   00    1   1   1    280 ns
    562    8012   00    1   1   1    280 ns
    563    8012   00    1   1   1    280 ns
    564    8012   00    1   1   1    280 ns
    565    8012   00    1   1   1    280 ns
    566    8012   00    1   1   1    280 ns
    567    8012   00    1   1   1    280 ns
    568    8012   00    1   1   1    280 ns
    569    0022   E0    0   0   1    280 ns
    570    0022   ED    0   0   1    272 ns
    571    0022   ED    0   0   1    288 ns
    572    0038   ED    0   1   1    272 ns
    573    0038   ED    1   1   1    280 ns
    574    0023   A0    0   0   1    280 ns
    575    0023   B0    0   0   1    280 ns
    576    0023   B0    0   0   1    280 ns
    577    0039   B0    0   1   1    280 ns
    578    0039   B0    1   1   1    280 ns
    579    8012   00    0   1   0    280 ns
    580    8012   00    0   1   0    280 ns
    581    8012   00    1   1   1    280 ns
    582    8013   00    0   1   0    280 ns
    583    8013   00    0   1   0    280 ns
    584    8013   00    1   1   1    280 ns
    585    8013   00    1   1   1    272 ns
    586    8013   00    1   1   1    280 ns
    587    8013   00    1   1   1    280 ns
    588    8013   00    1   1   1    280 ns
    589    8013   00    1   1   1    280 ns
    590    8013   00    1   1   1    280 ns
    591    8013   00    1   1   1    280 ns
    592    0022   E8    0   0   1    280 ns
    593    0022   ED    0   0   1    280 ns
    594    0022   ED    0   0   1    280 ns
    595    003A   ED    0   1   1    280 ns
    596    003A   ED    1   1   1    280 ns
    597    0023   A0    0   0   1    272 ns
    598    0023   B0    0   0   1    280 ns
    599    0023   B0    0   0   1    288 ns
    600    003B   B0    0   1   1    272 ns
    601    003B   B0    1   1   1    280 ns
    602    8013   00    0   1   0    280 ns
    603    8013   00    0   1   0    280 ns
    604    8013   00    1   1   1    280 ns
    605    8014   00    0   1   0    280 ns
    606    8014   00    0   1   0    280 ns
    607    8014   00    1   1   1    280 ns
    608    8014   00    1   1   1    280 ns
    609    8014   00    1   1   1    280 ns
    610    8014   00    1   1   1    272 ns
    611    8014   00    1   1   1    288 ns
    612    8014   00    1   1   1    272 ns
    613    8014   00    1   1   1    280 ns
    614    8014   00    1   1   1    280 ns
    615    0022   EC    0   0   1    280 ns
    616    0022   ED    0   0   1    280 ns
    617    0022   ED    0   0   1    280 ns
    618    003C   ED    0   1   1    280 ns
    619    003C   ED    1   1   1    280 ns
    620    0023   A0    0   0   1    280 ns
    621    0023   B0    0   0   1    280 ns
    622    0023   B0    0   0   1    280 ns
    623    003D   B0    0   1   1    280 ns
    624    003D   B0    1   1   1    280 ns
    625    8014   00    0   1   0    272 ns
    626    8014   00    0   1   0    280 ns
    627    8014   00    1   1   1    280 ns
    628    8015   00    0   1   0    280 ns
    629    8015   00    0   1   0    280 ns
    630    8015   00    1   1   1    280 ns
    631    8015   00    1   1   1    280 ns
    632    8015   00    1   1   1    280 ns
    633    8015   00    1   1   1    280 ns
    634    8015   00    1   1   1    280 ns
    635    8015   00    1   1   1    280 ns
    636    8015   00    1   1   1    280 ns
    637    8015   00    1   1   1    280 ns
    638    0022   E8    0   0   1    280 ns
    639    0022   ED    0   0   1    272 ns
    640    0022   ED    0   0   1    280 ns
    641    003E   ED    0   1   1    280 ns
    642    003E   ED    1   1   1    280 ns
    643    0023   A0    0   0   1    280 ns
    644    0023   B0    0   0   1    280 ns
    645    0023   B0    0   0   1    280 ns
    646    003F   B0    0   1   1    280 ns
    647    003F   B0    1   1   1    280 ns
    648    8015   00    0   1   0    280 ns
    649    8015   00    0   1   0    280 ns
    650    8015   00    1   1   1    272 ns
    651    8016   00    0   1   0    288 ns
    652    8016   00    0   1   0    272 ns
    653    8016   00    1   1   1    280 ns
    654    8016   00    1   1   1    280 ns
    655    8016   00    1   1   1    280 ns
    656    8016   00    1   1   1    280 ns
    657    8016   00    1   1   1    280 ns
    658    8016   00    1   1   1    280 ns
    659    8016   00    1   1   1    280 ns
    660    8016   00    1   1   1    280 ns
    661    0022   E0    0   0   1    280 ns
    662    0022   ED    0   0   1    280 ns
    663    0022   ED    0   0   1    280 ns
    664    0040   ED    0   1   1    280 ns
    665    0040   ED    1   1   1    272 ns
    666    0023   A0    0   0   1    280 ns
    667    0023   B0    0   0   1    280 ns
    668    0023   B0    0   0   1    280 ns
    669    0041   B0    0   1   1    280 ns
    670    0041   B0    1   1   1    280 ns
    671    8016   00    0   1   0    280 ns
    672    8016   00    0   1   0    280 ns
    673    8016   00    1   1   1    280 ns
    674    8017   00    0   1   0    280 ns
    675    8017   00    0   1   0    280 ns
    676    8017   00    1   1   1    280 ns
    677    8017   00    1   1   1    280 ns
    678    8017   00    1   1   1    272 ns
    679    8017   00    1   1   1    280 ns
    680    8017   00    1   1   1    280 ns
    681    8017   00    1   1   1    280 ns
    682    8017   00    1   1   1    280 ns
    683    8017   00    1   1   1    280 ns
    684    0022   E8    0   0   1    280 ns
    685    0022   ED    0   0   1    280 ns
    686    0022   ED    0   0   1    280 ns
    687    0042   ED    0   1   1    280 ns
    688    0042   ED    1   1   1    280 ns
    689    0023   A0    0   0   1    280 ns
    690    0023   B0    0   0   1    272 ns
    691    0023   B0    0   0   1    288 ns
    692    0043   B0    0   1   1    272 ns
    693    0043   B0    1   1   1    280 ns
    694    8017   00    0   1   0    280 ns
    695    8017   00    0   1   0    280 ns
    696    8017   00    1   1   1    280 ns
    697    8018   00    0   1   0    280 ns
    698    8018   00    0   1   0    280 ns
    699    8018   00    1   1   1    280 ns
    700    8018   00    1   1   1    280 ns
    701    8018   00    1   1   1    280 ns
    702    8018   00    1   1   1    280 ns
    703    8018   00    1   1   1    280 ns
    704    8018   00    1   1   1    280 ns
    705    8018   00    1   1   1    272 ns
    706    8018   00    1   1   1    280 ns
    707    0022   EC    0   0   1    280 ns
    708    0022   ED    0   0   1    280 ns
    709    0022   ED    0   0   1    280 ns
    710    0044   ED    0   1   1    280 ns
    711    0044   ED    1   1   1    280 ns
    712    0023   A0    0   0   1    280 ns
    713    0023   B0    0   0   1    280 ns
    714    0023   B0    0   0   1    280 ns
    715    0045   B0    0   1   1    280 ns
    716    0045   B0    1   1   1    280 ns
    717    8018   00    0   1   0    272 ns
    718    8018   00    0   1   0    280 ns
    719    8018   00    1   1   1    280 ns
    720    8019   00    0   1   0    280 ns
    721    8019   00    0   1   0    280 ns
    722    8019   00    1   1   1    280 ns
    723    8019   00    1   1   1    280 ns
    724    8019   00    1   1   1    280 ns
    725    8019   00    1   1   1    280 ns
    726    8019   00    1   1   1    280 ns
    727    8019   00    1   1   1    280 ns
    728    8019   00    1   1   1    280 ns
    729    8019   00    1   1   1    280 ns
    730    0022   E8    0   0   1    280 ns
    731    0022   ED    0   0   1    280 ns
    732    0022   ED    0   0   1    272 ns
    733    0046   ED    0   1   1    280 ns
    734    0046   ED    1   1   1    280 ns
    735    0023   A0    0   0   1    280 ns
    736    0023   B0    0   0   1    280 ns
    737    0023   B0    0   0   1    280 ns
    738    0047   B0    0   1   1    280 ns
    739    0047   B0    1   1   1    280 ns
    740    8019   00    0   1   0    280 ns
    741    8019   00    0   1   0    280 ns
    742    8019   00    1   1   1    272 ns
    743    801A   00    0   1   0    288 ns
    744    801A   00    0   1   0    272 ns
    745    801A   00    1   1   1    280 ns
    746    801A   00    1   1   1    280 ns
    747    801A   00    1   1   1    280 ns
    748    801A   00    1   1   1    280 ns
    749    801A   00    1   1   1    280 ns
    750    801A   00    1   1   1    280 ns
    751    801A   00    1   1   1    280 ns
    752    801A   00    1   1   1    280 ns
    753    0022   E8    0   0   1    280 ns
    754    0022   ED    0   0   1    280 ns
    755    0022   ED    0   0   1    280 ns
    756    0048   ED    0   1   1    280 ns
    757    0048   ED    1   1   1    272 ns
    758    0023   A0    0   0   1    280 ns
    759    0023   B0    0   0   1    280 ns
    760    0023   B0    0   0   1    280 ns
    761    0049   B0    0   1   1    280 ns
    762    0049   B0    1   1   1    280 ns
    763    801A   00    0   1   0    280 ns
    764    801A   00    0   1   0    280 ns
    765    801A   00    1   1   1    280 ns
    766    801B   00    0   1   0    280 ns
    767    801B   00    0   1   0    280 ns
    768    801B   00    1   1   1    280 ns
    769    801B   00    1   1   1    280 ns
    770    801B   00    1   1   1    272 ns
    771    801B   00    1   1   1    288 ns
    772    801B   00    1   1   1    272 ns
    773    801B   00    1   1   1    280 ns
    774    801B   00    1   1   1    280 ns
    775    801B   00    1   1   1    280 ns
    776    0022   EC    0   0   1    280 ns
    777    0022   ED    0   0   1    280 ns
    778    0022   ED    0   0   1    280 ns
    779    004A   ED    0   1   1    280 ns
    780    004A   ED    1   1   1    280 ns
    781    0023   A0    0   0   1    280 ns
    782    0023   B0    0   0   1    280 ns
    783    0023   B0    0   0   1    280 ns
    784    004B   B0    0   1   1    272 ns
    785    004B   B0    1   1   1    280 ns
    786    801B   00    0   1   0    280 ns
    787    801B   00    0   1   0    280 ns
    788    801B   00    1   1   1    280 ns
    789    801C   00    0   1   0    280 ns
    790    801C   00    0   1   0    280 ns
    791    801C   00    1   1   1    280 ns
    792    801C   00    1   1   1    280 ns
    793    801C   00    1   1   1    280 ns
    794    801C   00    1   1   1    280 ns
    795    801C   00    1   1   1    280 ns
    796    801C   00    1   1   1    280 ns
    797    801C   00    1   1   1    272 ns
    798    801C   00    1   1   1    280 ns
    799    0022   E8    0   0   1    280 ns
    800    0022   ED    0   0   1    280 ns
    801    0022   ED    0   0   1    280 ns
    802    004C   ED    0   1   1    280 ns
    803    004C   ED    1   1   1    280 ns
    804    0023   A0    0   0   1    280 ns
    805    0023   B0    0   0   1    280 ns
    806    0023   B0    0   0   1    280 ns
    807    004D   B0    0   1   1    280 ns
    808    004D   B0    1   1   1    280 ns
    809    801C   00    0   1   0    280 ns
    810    801C   00    0   1   0    272 ns
    811    801C   00    1   1   1    288 ns
    812    801D   00    0   1   0    272 ns
    813    801D   00    0   1   0    280 ns
    814    801D   00    1   1   1    280 ns
    815    801D   00    1   1   1    280 ns
    816    801D   00    1   1   1    280 ns
    817    801D   00    1   1   1    280 ns
    818    801D   00    1   1   1    280 ns
    819    801D   00    1   1   1    280 ns
    820    801D   00    1   1   1    280 ns
    821    801D   00    1   1   1    280 ns
    822    0022   E0    0   0   1    280 ns
    823    0022   ED    0   0   1    280 ns
    824    0022   ED    0   0   1    272 ns
    825    004E   ED    0   1   1    280 ns
    826    004E   ED    1   1   1    280 ns
    827    0023   A0    0   0   1    280 ns
    828    0023   B0    0   0   1    280 ns
    829    0023   B0    0   0   1    280 ns
    830    004F   B0    0   1   1    280 ns
    831    004F   B0    1   1   1    280 ns
    832    801D   00    0   1   0    280 ns
    833    801D   00    0   1   0    280 ns
    834    801D   00    1   1   1    280 ns
    835    801E   00    0   1   0    280 ns
    836    801E   00    0   1   0    280 ns
    837    801E   00    1   1   1    272 ns
    838    801E   00    1   1   1    280 ns
    839    801E   00    1   1   1    280 ns
    840    801E   00    1   1   1    280 ns
    841    801E   00    1   1   1    280 ns
    842    801E   00    1   1   1    280 ns
    843    801E   00    1   1   1    280 ns
    844    801E   00    1   1   1    280 ns
    845    0022   40    0   0   1    280 ns
    846    0022   ED    0   0   1    280 ns
    847    0022   ED    0   0   1    280 ns
    848    0050   ED    0   1   1    280 ns
    849    0050   ED    1   1   1    280 ns
    850    0023   A0    0   0   1    272 ns
    851    0023   B0    0   0   1    280 ns
    852    0023   B0    0   0   1    280 ns
    853    0051   B0    0   1   1    280 ns
    854    0051   B0    1   1   1    280 ns
    855    801E   00    0   1   0    280 ns
    856    801E   00    0   1   0    280 ns
    857    801E   00    1   1   1    280 ns
    858    801F   00    0   1   0    280 ns
    859    801F   00    0   1   0    280 ns
    860    801F   00    1   1   1    280 ns
    861    801F   00    1   1   1    280 ns
    862    801F   00    1   1   1    272 ns
    863    801F   00    1   1   1    288 ns
    864    801F   00    1   1   1    272 ns
    865    801F   00    1   1   1    280 ns
    866    801F   00    1   1   1    280 ns
    867    801F   00    1   1   1    280 ns
    868    0022   E8    0   0   1    280 ns
    869    0022   ED    0   0   1    280 ns
    870    0022   ED    0   0   1    280 ns
    871    0052   ED    0   1   1    280 ns
    872    0052   ED    1   1   1    280 ns
    873    0023   A0    0   0   1    280 ns
    874    0023   B0    0   0   1    280 ns
    875    0023   B0    0   0   1    280 ns
    876    0053   B0    0   1   1    272 ns
    877    0053   B0    1   1   1    280 ns
    878    801F   00    0   1   0    280 ns
    879    801F   00    0   1   0    280 ns
    880    801F   00    1   1   1    280 ns
    881    8020   00    0   1   0    280 ns
    882    8020   00    0   1   0    280 ns
    883    8020   00    1   1   1    280 ns
    884    8020   00    1   1   1    280 ns
    885    8020   00    1   1   1    280 ns
    886    8020   00    1   1   1    280 ns
    887    8020   00    1   1   1    280 ns
    888    8020   00    1   1   1    280 ns
    889    8020   00    1   1   1    280 ns
    890    8020   00    1   1   1    272 ns
    891    0022   EC    0   0   1    288 ns
    892    0022   ED    0   0   1    272 ns
    893    0022   ED    0   0   1    280 ns
    894    0054   ED    0   1   1    280 ns
    895    0054   ED    1   1   1    280 ns
    896    0023   A0    0   0   1    280 ns
    897    0023   B0    0   0   1    280 ns
    898    0023   B0    0   0   1    280 ns
    899    0055   B0    0   1   1    280 ns
    900    0055   B0    1   1   1    280 ns
    901    8020   00    0   1   0    280 ns
    902    8020   00    0   1   0    280 ns
    903    8020   00    1   1   1    280 ns
    904    8021   00    0   1   0    272 ns
    905    8021   00    0   1   0    280 ns
    906    8021   00    1   1   1    280 ns
    907    8021   00    1   1   1    280 ns
    908    8021   00    1   1   1    280 ns
    909    8021   00    1   1   1    280 ns
    910    8021   00    1   1   1    280 ns
    911    8021   00    1   1   1    280 ns
    912    8021   00    1   1   1    280 ns
    913    8021   00    1   1   1    280 ns
    914    0022   E8    0   0   1    280 ns
    915    0022   ED    0   0   1    280 ns
    916    0022   ED    0   0   1    272 ns
    917    0056   ED    0   1   1    280 ns
    918    0056   ED    1   1   1    280 ns
    919    0023   A0    0   0   1    280 ns
    920    0023   B0    0   0   1    280 ns
    921    0023   B0    0   0   1    280 ns
    922    0057   B0    0   1   1    280 ns
    923    0057   B0    1   1   1    280 ns
    924    8021   00    0   1   0    280 ns
    925    8021   00    0   1   0    280 ns
    926    8021   00    1   1   1    280 ns
    927    8022   00    0   1   0    280 ns
    928    8022   00    0   1   0    280 ns
    929    8022   00    1   1   1    280 ns
    930    8022   00    1   1   1    272 ns
    931    8022   00    1   1   1    280 ns
    932    8022   00    1   1   1    280 ns
    933    8022   00    1   1   1    280 ns
    934    8022   00    1   1   1    280 ns
    935    8022   00    1   1   1    280 ns
    936    8022   00    1   1   1    280 ns
    937    0022   E0    0   0   1    280 ns
    938    0022   ED    0   0   1    280 ns
    939    0022   ED    0   0   1    280 ns
    940    0058   ED    0   1   1    280 ns
    941    0058   ED    1   1   1    280 ns
    942    0023   A0    0   0   1    272 ns
    943    0023   B0    0   0   1    288 ns
    944    0023   B0    0   0   1    272 ns
    945    0059   B0    0   1   1    280 ns
    946    0059   B0    1   1   1    280 ns
    947    8022   00    0   1   0    280 ns
    948    8022   00    0   1   0    280 ns
    949    8022   00    1   1   1    280 ns
    950    8023   00    0   1   0    280 ns
    951    8023   00    0   1   0    280 ns
    952    8023   00    1   1   1    280 ns
    953    8023   00    1   1   1    280 ns
    954    8023   00    1   1   1    280 ns
    955    8023   00    1   1   1    280 ns
    956    8023   00    1   1   1    280 ns
    957    8023   00    1   1   1    272 ns
    958    8023   00    1   1   1    280 ns
    959    8023   00    1   1   1    280 ns
    960    0022   EC    0   0   1    280 ns
    961    0022   ED    0   0   1    280 ns
    962    0022   ED    0   0   1    280 ns
    963    005A   ED    0   1   1    280 ns
    964    005A   ED    1   1   1    280 ns
    965    0023   A0    0   0   1    280 ns
    966    0023   B0    0   0   1    280 ns
    967    0023   B0    0   0   1    280 ns
    968    005B   B0    0   1   1    280 ns
    969    005B   B0    1   1   1    272 ns
    970    8023   00    0   1   0    280 ns
    971    8023   00    0   1   0    280 ns
    972    8023   00    1   1   1    280 ns
    973    8024   00    0   1   0    280 ns
    974    8024   00    0   1   0    280 ns
    975    8024   00    1   1   1    280 ns
    976    8024   00    1   1   1    280 ns
    977    8024   00    1   1   1    280 ns
    978    8024   00    1   1   1    280 ns
    979    8024   00    1   1   1    280 ns
    980    8024   00    1   1   1    280 ns
    981    8024   00    1   1   1    280 ns
    982    8024   00    1   1   1    272 ns
    983    0022   EC    0   0   1    288 ns
    984    0022   ED    0   0   1    272 ns
    985    0022   ED    0   0   1    280 ns
    986    005C   ED    0   1   1    280 ns
    987    005C   ED    1   1   1    280 ns
    988    0023   A0    0   0   1    280 ns
    989    0023   B0    0   0   1    280 ns
    990    0023   B0    0   0   1    280 ns
    991    005D   B0    0   1   1    280 ns
    992    005D   B0    1   1   1    280 ns
    993    8024   00    0   1   0    280 ns
    994    8024   00    0   1   0    272 ns
    995    8024   00    1   1   1    288 ns
    996    8025   00    0   1   0    280 ns
    997    8025   00    0   1   0    272 ns
    998    8025   00    1   1   1    280 ns
    999    8025   00    1   1   1    280 ns
   1000    8025   00    1   1   1    280 ns
   1001    8025   00    1   1   1    280 ns
   1002    8025   00    1   1   1    280 ns
   1003    8025   00    1   1   1    280 ns
   1004    8025   00    1   1   1    280 ns
   1005    8025   00    1   1   1    280 ns
   1006    0022   E8    0   0   1    280 ns
   1007    0022   ED    0   0   1    280 ns
   1008    0022   ED    0   0   1    280 ns
   1009    005E   ED    0   1   1    272 ns
   1010    005E   ED    1   1   1    280 ns
   1011    0023   A0    0   0   1    280 ns
   1012    0023   B0    0   0   1    280 ns
   1013    0023   B0    0   0   1    280 ns
   1014    005F   B0    0   1   1    280 ns
   1015    005F   B0    1   1   1    280 ns
   1016    8025   00    0   1   0    280 ns
   1017    8025   00    0   1   0    280 ns
   1018    8025   00    1   1   1    280 ns
   1019    8026   00    0   1   0    280 ns
   1020    8026   00    0   1   0    280 ns
   1021    8026   00    1   1   1    280 ns
   1022    8026   00    1   1   1    272 ns
   1023    8026   00    1   1   1    288 ns
   1024    8026   00    1   1   1    272 ns
   1025    8026   00    1   1   1    280 ns
   1026    8026   00    1   1   1    280 ns
   1027    8026   00    1   1   1    280 ns

Time Printed: 22 Jun 2026 20:37:41  ---  Time Acquired: 22 Jun 2026 20:36:34
